ma_atr15 买入信号 · 2026-09-07 14:09 · 命中 385 只, 其中优选 90 只
优选条件(回测验证): 信号时距慢线[-1%,+1%] 且 慢>滤[2%,5%] 且 非ST 且 ATR<2%
====================================================================================================
★ 优选池
代码      名称        板块           现价    几根前     距慢线    慢>滤%   ATR%
601000  唐山港       交通运输       4.58      0   +0.11    2.50   0.65
000507  珠海港       交通运输       5.04      0   +0.13    2.31   0.44
002278  神开股份      机械行业       8.29      0   +0.02    4.72   0.69
000898  鞍钢股份      钢铁行业       2.04      1   +0.41    2.50   0.85
600655  豫园股份      商业百货       4.58      1   -0.01    2.47   0.63
600941                      98.48      1   +0.21    4.30   0.33
002194  武汉凡谷      电子信息      10.04      1   +0.13    2.43   0.96
002091  江苏国泰      物资外贸       7.78      1   +0.28    2.12   0.50
603987                       7.58      1   +0.12    3.01   0.55
601107  四川成渝      公路桥梁       5.79      2   +0.55    4.17   0.59
603068                      39.09      2   +0.67    2.29   1.03
600133  东湖高新      房地产        8.36      2   +0.28    3.23   0.61
603171                      43.67      3   +0.64    2.96   1.02
600231  凌钢股份      钢铁行业       1.74      3   +0.45    2.27   0.98
603528                       6.32      3   +0.20    3.29   0.63
000720  新能泰山      电力行业       3.77      4   -0.13    4.04   1.00
000755  山西高速      化工行业       4.85      5   +0.22    3.43   0.55
000055  方大集团      建筑建材       3.59      5   +0.55    3.42   0.64
002377  国创高新      化工行业       2.75      5   -0.08    3.06   0.84
603192                      20.89      5   +0.09    2.83   0.76
000839  国安股份      综合行业       2.81      5   +0.70    2.81   0.84
000707  双环科技      化工行业       4.67      6   +0.78    3.98   0.65
001379                      16.17      7   +0.24    2.33   0.64
600846  同济科技      综合行业      11.91      7   +0.18    4.93   0.79
600433  冠豪高新      造纸行业       3.37      7   +0.34    2.13   0.73
603197                      30.27      8   +0.17    3.25   0.60
600960  渤海汽车      汽车制造       4.03      8   +0.61    2.54   0.65
600868  梅雁吉祥      电力行业       2.81      8   +0.55    2.99   0.87
002763                       7.56      8   +0.05    4.19   0.58
000554  泰山石油      石油行业       6.57      8   +0.46    3.64   0.67
000504  南华生物      传媒娱乐       8.56      8   +0.72    2.81   0.82
001311                      17.88      8   +0.10    4.17   0.93
002184  海得控制      电子信息      10.10      9   +0.24    2.91   0.54
002494  华斯股份      服装鞋类       4.87      9   -0.17    4.24   0.82
002243  力合科创      塑料制品       7.48      9   +0.46    4.84   0.66
002540  亚太科技      有色金属       5.22      9   +0.41    3.60   0.58
002767                      18.28      9   +0.20    3.78   0.67
600475  华光环能      机械行业      15.23      9   +0.35    3.65   0.97
002666  德联集团      化工行业       4.25     10   +0.73    3.55   0.71
603208                      11.58     10   +0.18    4.58   0.75
603028                       7.15     10   +0.67    4.65   0.77
600800  渤海化学      综合行业       3.46     11   +0.77    4.78   1.09
600851  海欣股份      纺织行业       8.50     20   +0.34    2.30   0.97
601368                       4.52     20   +0.28    3.55   0.51
000761  本钢板材      钢铁行业       2.31     21   +0.52    2.33   1.01
000006  深振业Ａ      房地产        7.11     22   +0.05    2.26   0.90
605337                       9.63     23   +0.37    4.07   0.62
002508  老板电器      家电行业      15.96     23   +0.10    2.84   0.60
002715  登云股份      汽车制造      14.05     23   +0.29    3.35   0.88
601229                       9.47     23   +0.32    4.14   0.50
002546  新联电子      电器行业       7.77     23   +0.37    2.27   0.59
603307                      25.02     24   +0.16    4.04   0.79
600768  富邦新材      有色金属      15.04     24   -0.00    3.62   0.73
002607  中公教育      汽车制造       2.05     24   -0.20    3.80   0.93
002688  金河生物      生物制药       5.33     24   +0.55    3.91   0.65
001218                      23.91     24   +0.31    2.71   0.67
002235  安妮股份      造纸行业       8.71     24   +0.08    3.91   1.17
600751  海航科技      交通运输       3.11     24   +0.61    3.10   0.82
000809  和展能源      房地产        3.38     24   -0.08    3.39   0.76
600339  中油工程      化工行业       3.35     24   +0.33    2.45   0.75
600300  维维股份      食品行业       3.32     24   +0.56    4.31   0.71
603896                      14.85     24   +0.36    2.33   0.56
603719                       9.81     24   +0.93    3.78   0.68
600223  福瑞达       房地产        5.69     25   +0.50    3.23   0.69
002563  森马服饰      服装鞋类       5.77     25   +0.27    3.18   0.78
603109                      17.44     25   +0.14    2.78   0.55
002599  盛通股份      印刷包装       5.84     25   +0.81    2.56   0.68
000599  青岛双星      汽车制造       4.72     25   +0.50    2.77   0.67
600195  中牧股份      农林牧渔       7.01     26   +0.98    4.45   0.54
600860  京城股份      机械行业       8.45     26   +0.86    2.50   0.87
603227  雪峰科技      其它行业       7.72     26   +0.50    2.98   0.57
603518  锦泓集团      服装鞋类       8.13     26   +0.51    2.95   0.62
603677                      13.65     26   +0.40    2.16   0.59
000605  渤海股份      供水供气       6.09     26   +0.57    4.34   0.65
605007                      14.74     26   +0.08    3.63   0.94
603717                       6.61     26   +0.12    5.00   0.88
603367                      14.52     27   +0.59    3.76   0.76
000789  万年青       水泥行业       4.14     27   +0.99    2.21   0.55
002481  双塔食品      食品行业       4.49     27   +0.80    3.63   0.68
601798  蓝科高新      机械行业       7.74     27   +0.89    4.77   0.57
603280                      27.16     28   +0.53    3.69   0.88
600519  贵州茅台      酿酒行业    1316.51     28   -0.01    2.09   0.36
002895                      33.09     28   +0.26    3.12   0.82
002462  嘉事堂       商业百货      12.39     29   +0.09    2.34   0.56
002880                      22.66     29   +0.46    3.06   0.77
600331  宏达股份      有色金属      12.47     30   +0.51    4.43   0.96
003015                      12.10     30   +0.27    4.50   0.72
600756  浪潮软件      电子信息      14.39     31   +0.15    2.42   0.94
002749  国光股份      农药化肥       8.74     31   +0.63    2.71   0.65
000917  电广传媒      传媒娱乐       7.24     31   +0.35    3.21   0.92

====================================================================================================
标注价位 (对应原公式 DRAWNUMBER): C / 慢+ATR*{1,3,5,7} / 慢-ATR
名称               C    +1ATR    +3ATR    +5ATR    +7ATR   -ATR(守)
唐山港           4.58     4.60     4.66     4.72     4.78      4.54
珠海港           5.04     5.06     5.10     5.14     5.19      5.01
神开股份          8.29     8.35     8.46     8.57     8.69      8.23
鞍钢股份          2.04     2.05     2.08     2.12     2.15      2.01
豫园股份          4.58     4.61     4.67     4.72     4.78      4.55
             98.48    98.58    99.24    99.89   100.55     97.93
武汉凡谷         10.04    10.15    10.35    10.54    10.73      9.96
江苏国泰          7.78     7.81     7.88     7.96     8.04      7.73
              7.58     7.61     7.70     7.78     7.86      7.53
四川成渝          5.79     5.78     5.85     5.92     5.99      5.71
             39.09    39.40    40.21    41.01    41.82     38.59
东湖高新          8.36     8.43     8.53     8.63     8.73      8.33
             43.67    43.86    44.75    45.65    46.54     42.97
凌钢股份          1.74     1.75     1.78     1.82     1.85      1.72
              6.32     6.38     6.46     6.53     6.61      6.30
新能泰山          3.77     3.83     3.91     3.98     4.06      3.76
山西高速          4.85     4.83     4.88     4.93     4.99      4.77
方大集团          3.59     3.59     3.64     3.69     3.73      3.55
国创高新          2.75     2.78     2.82     2.87     2.91      2.73
             20.89    20.39    20.71    21.03    21.35     20.07
国安股份          2.81     2.77     2.82     2.87     2.92      2.73
双环科技          4.67     4.68     4.74     4.80     4.87      4.62
             16.17    16.24    16.45    16.66    16.87     16.04
同济科技         11.91    11.92    12.11    12.30    12.49     11.73
冠豪高新          3.37     3.39     3.44     3.49     3.54      3.34
             30.27    30.52    30.88    31.25    31.61     30.16
渤海汽车          4.03     4.06     4.11     4.17     4.22      4.01
梅雁吉祥          2.81     2.83     2.88     2.93     2.97      2.78
              7.56     7.60     7.69     7.78     7.86      7.51
泰山石油          6.57     6.57     6.66     6.75     6.84      6.49
南华生物          8.56     8.41     8.55     8.69     8.83      8.27
             17.88    17.86    18.19    18.53    18.86     17.53
海得控制         10.10    10.10    10.21    10.32    10.42      9.99
华斯股份          4.87     4.87     4.95     5.03     5.11      4.79
力合科创          7.48     7.45     7.54     7.64     7.74      7.35
亚太科技          5.22     5.19     5.25     5.31     5.37      5.13
             18.28    18.28    18.52    18.77    19.01     18.03
华光环能         15.23    15.14    15.43    15.72    16.02     14.84
德联集团          4.25     4.26     4.32     4.38     4.44      4.20
             11.58    11.51    11.68    11.86    12.03     11.33
              7.15     7.11     7.22     7.33     7.44      7.00
渤海化学          3.46     3.47     3.55     3.62     3.70      3.40
海欣股份          8.50     8.72     8.89     9.05     9.21      8.56
              4.52     4.59     4.64     4.68     4.73      4.54
本钢板材          2.31     2.37     2.42     2.46     2.51      2.32
深振业Ａ          7.11     7.23     7.36     7.49     7.61      7.10
              9.63     9.51     9.62     9.74     9.86      9.39
老板电器         15.96    16.21    16.40    16.59    16.79     16.02
登云股份         14.05    14.40    14.65    14.90    15.15     14.15
              9.47     9.68     9.77     9.86     9.96      9.58
新联电子          7.77     8.08     8.17     8.26     8.35      7.98
             25.02    25.39    25.78    26.18    26.58     24.99
富邦新材         15.04    15.40    15.62    15.84    16.06     15.18
中公教育          2.05     2.08     2.12     2.16     2.20      2.04
金河生物          5.33     5.29     5.36     5.42     5.49      5.22
             23.91    24.49    24.81    25.13    25.45     24.17
安妮股份          8.71     8.99     9.20     9.40     9.60      8.79
海航科技          3.11     3.17     3.22     3.27     3.32      3.12
和展能源          3.38     3.46     3.51     3.56     3.61      3.41
中油工程          3.35     3.39     3.44     3.49     3.55      3.34
维维股份          3.32     3.25     3.29     3.34     3.39      3.20
             14.85    15.08    15.25    15.41    15.58     14.91
              9.81     9.69     9.82     9.95    10.09      9.55
福瑞达           5.69     5.69     5.77     5.85     5.93      5.61
森马服饰          5.77     5.92     6.01     6.10     6.19      5.83
             17.44    17.66    17.85    18.04    18.23     17.47
盛通股份          5.84     5.94     6.02     6.10     6.18      5.86
青岛双星          4.72     4.77     4.83     4.89     4.96      4.70
中牧股份          7.01     6.80     6.88     6.95     7.03      6.73
京城股份          8.45     8.57     8.72     8.87     9.01      8.42
雪峰科技          7.72     7.77     7.85     7.94     8.03      7.68
锦泓集团          8.13     8.16     8.26     8.36     8.46      8.06
             13.65    13.81    13.97    14.13    14.29     13.64
渤海股份          6.09     6.01     6.09     6.17     6.24      5.93
             14.74    15.44    15.71    15.99    16.26     15.16
              6.61     6.51     6.63     6.74     6.86      6.39
             14.52    14.77    15.00    15.22    15.44     14.55
万年青           4.14     4.15     4.20     4.24     4.29      4.11
双塔食品          4.49     4.29     4.35     4.41     4.47      4.23
蓝科高新          7.74     7.79     7.87     7.96     8.05      7.70
             27.16    27.06    27.54    28.01    28.49     26.58
贵州茅台       1316.51  1303.81  1313.37  1322.93  1332.48   1294.26
             33.09    33.64    34.19    34.73    35.28     33.10
嘉事堂          12.39    12.33    12.47    12.60    12.74     12.19
             22.66    21.88    22.22    22.57    22.92     21.53
宏达股份         12.47    12.91    13.15    13.39    13.63     12.67
             12.10    12.33    12.51    12.68    12.85     12.16
浪潮软件         14.39    14.66    14.93    15.20    15.47     14.39
国光股份          8.74     8.75     8.87     8.98     9.09      8.64
电广传媒          7.24     7.22     7.35     7.49     7.62      7.09

====================================================================================================
其余 295 只 (未过优选条件)
代码      名称        板块           现价    几根前     距慢线    慢>滤%   ATR%
601801  皖新传媒      传媒娱乐       5.36      0   +0.79    0.73   0.69
601616  广电电气      电器行业       3.85      0   +0.27    6.36   0.66
600137  浪莎股份      服装鞋类      18.13      0   +0.04    5.18   0.71
600496  精工钢构      钢铁行业       3.34      0   +0.20    1.49   0.74
001223                      41.05      0   +2.33    1.64   1.02
002075  沙钢股份      钢铁行业       3.68      0   -0.09    1.42   0.71
000802  北京文化      酒店旅游       4.15      1   -0.14    1.98   1.32
601002  晋亿实业      机械行业       5.36      1   +0.20    8.64   0.67
600787  中储股份      交通运输       4.59      1   +0.10    1.50   0.55
603558  健盛集团      纺织行业      12.04      1   +0.07    0.26   0.62
002568  百润股份      食品行业      18.10      1   +0.62    0.07   0.66
600094  大名城       房地产        4.01      1   +0.80    0.81   0.95
603979                      78.14      1   +0.17    8.77   0.99
002174  游族网络      电子信息      12.24      2   +0.64    1.25   0.92
002128  电投能源      煤炭行业      28.25      2   +0.50    7.18   0.60
600745  *ST闻泰     房地产       18.12      2   +0.00    2.60   1.02
600740  山西焦化      煤炭行业       3.82      2   +0.10    7.11   0.93
603903                      14.22      2   +0.39    6.64   1.11
002925                      23.24      2   +0.42    1.78   0.93
600682  南京新百      商业百货       5.74      3   +0.40    1.97   0.75
002142  宁波银行      金融行业      34.03      3   +0.34    5.63   0.48
600491  ST龙元      建筑建材       1.63      3   -0.30   23.08   1.89
603657                      25.81      3   +0.35    5.24   1.17
002172  澳洋健康      化纤行业       4.63      4   +3.39   28.46   1.65
600495  晋西车轴      交通运输       4.10      4   -0.07    7.23   0.62
001387                      12.12      4   +0.03    0.51   0.63
600379  宝光股份      电器行业      14.72      4   +0.39    7.74   1.33
002848                      13.53      4   -0.03    1.94   0.85
603406                      30.00      5   +0.61    7.97   0.80
002760                      18.01      5   +0.14    5.68   0.76
002469  三维化学      建筑建材       6.45      5   +1.25    6.69   0.87
002313  日海智能      电子信息       8.64      5   +0.51    6.58   0.79
002316  亚联发展      电子信息       4.50      5   +0.32    5.64   0.85
000910  大亚圣象      家具行业       5.40      5   +0.48    1.38   0.67
600258  首旅酒店      酒店旅游      12.04      5   +0.23    1.54   0.64
001211                      24.25      5   +2.15    1.71   0.97
002582  好想你       食品行业      10.52      5   +0.11    8.44   1.01
002155  湖南黄金      有色金属      26.02      5   +0.10    7.03   1.03
600518  康美药业      生物制药       1.38      5   +1.10    2.53   1.13
600526  菲达环保      机械行业       4.67      6   +0.30    5.61   0.58
600797  浙大网新      电子信息       6.87      6   -0.00    0.38   0.60
603797                       4.80      6   +0.40   13.82   0.88
605488                      29.94      6   +1.86    1.60   1.12
002305  *ST南置     房地产        2.10      6   +0.04    3.96   0.74
002951                      16.25      6   +0.74   10.86   1.04
000026  飞亚达       商业百货      21.24      7   +1.73    6.99   1.15
603331                      12.64      7   +0.18    8.73   0.67
002242  九阳股份      家电行业       8.62      7   +0.84    0.70   0.62
002406  远东传动      汽车制造       6.75      7   +0.33    0.30   0.54
002392  北京利尔      建筑建材       7.83      7   +0.75    1.79   0.69
601200                       6.96      7   +0.23    0.04   0.41
002692  远程股份      电力行业       4.31      7   +0.19    6.97   0.75
002876                      29.89      7   +0.44    0.87   0.83
003008                      19.63      7   +0.18    8.19   0.61
600847  万里股份      电器行业      12.81      7   +0.38    1.76   0.87
600409  三友化工      化工行业       6.98      7   +0.12    7.76   0.86
600337  ST美克      家具行业       3.17      7   +0.19    4.80   0.97
600626  申达股份      纺织行业       3.64      7   +0.19    5.50   0.71
600298  安琪酵母      食品行业      41.71      7   +0.05    6.20   0.77
600444  国机通用      塑料制品      14.39      7   +0.63    6.43   0.65
000633  合金投资      综合行业       5.38      7   +0.09    5.49   0.72
000850  华茂股份      纺织行业       4.26      8   +0.26    7.25   0.69
601068                       4.54      8   +0.15    0.67   0.65
002728  特一药业      生物制药       9.06      8   +0.05    0.43   0.73
600051  宁波联合      综合行业       6.37      8   +0.40    5.08   0.64
601168  西部矿业      有色金属      38.37      8   +0.35   10.57   0.99
603358                      47.79      8   +0.70   14.48   1.28
603789  ST星农      机械行业       6.21      8   -0.03    2.55   0.81
000590  古汉医药      生物制药       9.34      8   +0.14    6.80   0.73
000790  华神科技      生物制药       4.16      8   +0.43    7.78   0.84
601686                       5.20      8   +0.12    1.87   0.44
001313                       8.02      8   +0.96    5.04   0.84
600661                       8.87      8   +0.19    7.18   0.86
600327  大东方       商业百货       4.09      8   +0.84   11.36   0.89
600595  中孚实业      有色金属       6.22      8   +0.10    0.13   0.78
600173  卧龙新能      房地产        6.22      8   +0.14    1.42   0.65
002404  嘉欣丝绸      纺织行业       5.87      9   +0.02    0.25   0.58
002021  中捷资源      纺织机械       2.69      9   -0.29    5.59   0.89
002623  亚玛顿       玻璃行业      15.98      9   +1.18    0.42   0.72
603059                      25.19      9   +0.77    1.42   0.78
002629  仁智股份      石油行业       4.90      9   +0.60    5.78   0.77
002166  莱茵生物      生物制药       6.86      9   +0.04    1.72   0.62
001260                      18.64      9   +1.10    8.27   0.95
603803                      11.22      9   +0.60    1.14   0.97
002388  新亚制程      电子器件       6.49      9   +0.43   19.00   1.21
002547  *ST春兴     电子信息       2.66      9   +0.32    3.44   1.09
002410  广联达       电子信息       8.82      9   +0.37    0.62   0.63
002165  红 宝 丽     化工行业       8.10      9   +1.96   15.60   1.70
603118  共进股份      电子器件      17.89      9   +1.94   17.53   1.23
000887  中鼎股份      化工行业      21.35      9   +1.96    9.05   1.14
603810                      12.50      9   +0.58    6.22   0.72
002052  同洲电子      电子信息       8.78      9   +0.41    1.38   0.96
002141  贤丰控股      电子器件       6.62      9   +0.96   14.80   1.60
605339                      14.16      9   +0.71    8.55   0.95
600398  海澜之家      服装鞋类       5.91      9   +0.31    1.46   0.59
600400  红豆股份      服装鞋类       3.15      9   +4.73    1.67   1.11
600731  湖南海利      农药化肥       5.90      9   +0.26    5.23   0.57
603639                      10.79      9   +0.43    1.95   0.45
603186                     186.09     10   +5.29    1.79   1.68
003033                      69.85     10   +2.16    7.64   1.06
002329  皇氏集团      食品行业       4.02     10   +2.47   15.21   1.35
001220  世盟股份      次新股       31.78     10   +0.69    5.87   0.59
600330  天通股份      电子信息      28.89     10   +5.06    8.59   1.44
000615  *ST美谷     化纤行业       3.36     10   +1.21    2.91   0.53
603897                      31.30     10   +3.18    2.07   1.41
603679                      23.77     10   +1.57   11.37   1.17
000952  广济药业      生物制药       6.68     10   +1.34    9.08   0.79
002788                      11.60     10   +2.76    3.17   0.82
603395                      29.77     10   +5.33   20.68   1.48
002661  克明食品      食品行业       8.09     10   +1.54    6.61   0.70
002535  林州重机      机械行业       2.61     10   +1.45    7.26   0.97
000926  福星股份      房地产        2.21     10   +0.91    6.12   1.15
000955  欣龙控股      纺织行业       4.30     10   +0.94    0.71   0.77
603848                      13.83     10   +1.15    0.77   0.68
603273                      14.82     10   +0.66    5.61   0.67
603336                       9.39     10   +0.53    6.60   1.20
002122  ST汇洲      机械行业       2.81     10   +2.04    9.54   0.65
001373                      29.30     10   +0.92    0.44   0.82
603626                      19.72     11   +5.53    8.57   1.31
603439                      12.91     11   +3.35    0.80   1.16
